4251
4268
4754
4756
4763
4769
4780
4790
4802
4810
4820
4826
4835
4843
4853
4865
4880
4890
5509
5524
5534
5559
6079
6098
6104
6146
6171
6189
6194
6229
6276
6322
6982
7027
7068
7127
7158
7247
7279
10248
10857
10874
10963
11033
11127
11142
12643
12832
12846
12855
12864
12885
12891
12892
12907
12911
13001
13534
14580
14592
14758
14766
16638
16666
16673
16710
16733
16752
16756
16759
16773
17307
17444
17536
17682
17890
17918
18087
18272
18422
18601
18702
18711
18769
18786
18803
18838
18839
18861
18897
18906
18970
20027
20527
20573
20925
21019
21046
21144
21205
21240
21277
21337
21350
26007
26807
26868
26887
26910
26960
27030
27061
27094
27097
27116
27199
27214
27224
27225
27256
27274
27303
27335
27347
27371
27382
27442
27469
29833
29884
29903
29946
30058
30502
33099
33126
33142
33186
33232
33296
33338
33359
33363
33405
33455
33491
33512
33529
33557
33567
33581
33591
33627
33666
33685
35916
35965
35984
36023
36074
36423
40354
40893
41018
41150
41199
41241
41308
41386
41397
41431
42280
42348
42362
42414
42420
42621
47445
49238
50329
52265
55428
55520
55525
55591
55617
55690
55723
55776
55808
55858
55880
55954
56959
56962
56984
57037
57069
57072
57087
57130
57164
57168
57226
57261
57268
57333
57348
57351
57415
57459
57461
58391
58411
58427
58447
58453
58472
58485
58495
58508
58522
58534
58544
58562
58573
58593
58618
58621
58641
58675
58689
58938
58953
58954
58974
58975
58984
58985
58991
58995
59013
59014
59017
59019
59036
59037
59040
59042
59054
59055
59061
59066
59082
59084
59098
59099
59112
59118
59121
59976
59996
59997
60005
60018
61114
61154
61157
61172
61173
61191
61192
61205
61208
61218
61220
61238
61252
61258
62072
62077
62078
62088
62100
62105
